510
439
388
370
368
369
376
382
387
388
388
385
388
385
387
385
393
401
396
392
397
410
575
413
 321
  398
  412
  422
  427
  435
  444
  466
  496
  538
  554
  544
  479
  413
  378
  368
  366
  369
  375
  381
  383
  387
  383
  384
  382
  381
  387
  390
  387
  401
  407
  397
  393
  397
  422
  612
  274
  379
  403
  413
  426
  430
  439
  453
  475
  506
  545
  566
  546
  469
  401
  377
  372
  370
  372
  377
  384
  383
  382
  379
  380
  389
  377
  367
  357
  372
  345
  353
  354
  371
  389
  387
  367
  391
  421
  635
  358
  369
  423
  447
  460
  453
  489
  474
  478
  530
  581
  583
  555
  501
  379
  383
  376
  392
  377
  422
  455
  450
  380
  422
  351
  303
  357
  386
  375
  381
  394
  387
  414
  422
  437
  410
  393
  401
  393
  371
  386
  349
  355
  513
  540
  211
  343
  365
  361
  362
  393
  417
  442
  472
  516
  550
  566
  512
  433
