  355
  362
  365
  367
  370
  365
  363
  364
  364
  370
  367
  368
  378
  376
  381
  391
  403
  392
  391
  380
  384
  415
  598
  264
  379
  394
  406
  415
  420
  429
  441
  467
  503
  538
  556
  544
  486
  414
  376
  362
  361
  360
  366
  371
  375
  374
  376
  374
  377
  372
  373
  375
  378
  378
  378
  381
  385
  389
  388
  392
  394
  413
  410
  406
  397
  394
  396
  510
  562
  268
  401
  406
  418
  428
  436
  442
  463
  495
  527
  557
  565
  538
  465
  400
  373
  361
  360
  365
  368
  375
  374
  374
  376
  374
  369
  367
  365
  379
  380
  375
  376
  381
  384
  390
  389
  390
  397
  403
  417
  411
  402
  391
  394
  423
  620
  298
  373
  407
  414
  419
  426
  434
  448
  473
  507
  536
  557
  554
  508
  429
  383
  365
  360
  364
  368
  370
  376
  375
  379
  380
  372
  375
  374
  379
  378
  380
  385
  384
  388
  388
  392
  411
  408
  410
  393
  393
  402
  521
  514
  285
  400
  409
  420
  427
  432
  443
  460
  491
  522
  549
  550
  518
  455
  397
  369
  355
  360
  367
  376
  380
  377
  378
  375
  375
  376
  372
  375
  381
  379
  381
  385
  388
  401
  406
  407
  395
  391
  394
  433
  633
  229
  383
  404
  412
  420
  426
  438
  452
  477
  515
  542
  556
  542
  478
  409
  371
  363
  358
  362
  369
  373
  378
  381
  379
  379
  375
  376
  374
  379
  380
  377
  381
  386
  389
  396
  408
  402
  401
  388
  394
  401
  575
  437
  340
  404
  407
  420
  425
  436
  448
  466
  497
  536
  562
  561
  516
  436
  385
  365
  357
  357
  366
  368
  375
  375
  376
  378
  378
  372
  375
  372
  373
  379
  379
  382
  382
  384
  392
  409
  406
  405
  392
  391
  397
  516
  542
  270
  400
  410
  421
  425
  436
  448
  466
  495
  529
  564
  574
  547
  469
  397
  373
  368
  366
  372
  372
  378
  379
  381
  378
  376
  379
  380
  381
  380
  377
  382
  388
  391
  392
  393
  394
  415
  411
  409
  394
  400
  408
  568
  438
  314
  396
  410
  421
  425
  432
  445
  464
  496
  528
  548
  551
  517
  443
  393
  365
  359
  360
  372
  372
  379
  382
  382
  378
  377
  375
  377
  375
  382
  380
  378
  381
  391
  411
  404
  395
  381
  386
  405
  570
  386
  317
  397
  404
  411
  416
  431
  441
  464
  491
  525
  548
  545
  501
  430
  377
  356
  357
  356
  363
  370
  376
  374
  380
  375
  369
  376
  375
  376
  394
  419
  401
  353
  400
  487
  387
  385
  393
  381
  389
  462
  582
  252
  391
  394
  388
  494
  450
  385
  329
  418
  431
  253
  319
  233
  159
  24
  2
  216
  353
  138
  629
  769
  801
  800
  797
  788
  796
  745
  705
  553
  460
  340
  274
  312
  299
  243
  213
  217
  258
  275
  315
  317
  318
  313
  449
  360
  230
  294
  314
  306
  329
  368
  401
  446
  482
  526
  564
  579
  547
  464
  380
  331
  323
  328
  341
  351
  351
  342
  322
  305
  321
  324
  337
  342
  337
  343
  357
  362
  363
  363
  384
  388
  392
  391
  400
  420
  423
  420
  386
  380
  404
  561
  552
  329
  422
  431
  452
  460
  451
  452
  473
  500
  538
  572
  573
  550
  479
  406
  372
  366
  369
  372
  374
  379
  381
  394
  394
  390
  378
  369
  368
  368
  361
  370
  371
  375
  384
  378
  383
  376
  382
  374
  383
  388
  387
  374
  374
  379
  478
  562
  232
  370
  394
