326
328
341
344
346
690
375
380
400
489
394
377
362
406
424
493
502
741
420
440
427
450
435
321
329
335
354
368
382
451
374
411
414
453
501
361
356
378
387
403
386
386
416
387
415
443
511
417
376
379
380
380
397
378
459
371
381
409
494
517
374
460
451
446
421
399
374
379
690
352
371
410
491
412
335
337
347
360
367
370
381
381
534
380
399
426
498
521
383
377
383
398
401
415
481
436
433
328
331
332
377
451
243
210
279
338
417
481
512
503
670
465
473
601
667
499
109
352
383
370
387
419
495
723
524
480
390
437
460
340
326
332
362
325
295
277
623
352
399
437
511
464
380
376
392
410
428
410
405
286
409
422
469
527
402
375
370
384
390
403
390
474
387
404
421
481
498
378
374
381
385
392
406
394
398
339
402
412
460
514
385
361
371
411
553
659
433
257
390
319
403
417
405
308
191
322
379
447
457
438
423
721
447
481
453
496
326
328
341
344
346
690
375
380
400
489
394
377
362
406
424
493
502
741
420
440
427
450
435
321
329
335
354
368
382
451
374
411
414
453
501
361
356
378
387
403
386
386
416
387
415
443
511
417
376
379
380
380
397
378
459
371
381
409
494
517
374
460
451
446
421
399
374
379
690
352
371
410
491
412
335
337
347
360
367
370
381
381
534
380
399
426
498
521
383
377
383
398
401
415
481
436
433
328
331
332
377
451
243
210
279
338
417
481
512
503
670
465
473
601
667
499
109
352
383
370
387
419
495
723
524
480
390
437
460
340
326
332
362
325
295
277
623
352
399
437
511
464
380
376
392
410
428
410
405
286
409
422
469
527
402
375
370
384
390
403
390
474
387
404
421
481
498
378
374
381
385
392
406
394
398
339
402
412
460
514
385
361
371
411
553
659
433
257
390
319
403
417
405
308
191
322
379
447
457
438
423
721
447
481
453
496
